5887.9502	0.9733
5887.9573	0.9722
5887.9643	0.9717
5887.9714	0.9714
5887.9784	0.9705
5887.9855	0.9694
5887.9926	0.9688
5887.9996	0.9681
5888.0067	0.9677
5888.0138	0.9677
5888.0208	0.9678
5888.0279	0.9683
5888.035	0.9685
5888.042	0.969
5888.0491	0.9706
5888.0562	0.9717
5888.0632	0.9719
5888.0703	0.9712
5888.0774	0.97
5888.0844	0.9686
5888.0915	0.9686
5888.0986	0.9685
5888.1056	0.9673
5888.1127	0.9665
5888.1198	0.9663
5888.1268	0.9658
5888.1339	0.9651
5888.141	0.9646
5888.148	0.9642
5888.1551	0.964
5888.1622	0.9646
5888.1692	0.9651
5888.1763	0.9646
5888.1834	0.9641
5888.1904	0.9647
5888.1975	0.9657
5888.2046	0.9658
5888.2116	0.9659
5888.2187	0.9656
5888.2257	0.9643
5888.2328	0.9638
5888.2399	0.9643
5888.2469	0.9637
5888.254	0.9627
5888.2611	0.9628
5888.2681	0.9625
5888.2752	0.9612
5888.2823	0.961
5888.2893	0.9611
5888.2964	0.9604
5888.3035	0.9599
5888.3105	0.96
5888.3176	0.9601
5888.3247	0.9605
5888.3317	0.9607
5888.3388	0.9604
5888.3459	0.9604
5888.3529	0.9607
5888.36	0.9609
5888.3671	0.9612
5888.3741	0.9607
5888.3812	0.9589
5888.3883	0.9573
5888.3953	0.9564
5888.4024	0.956
5888.4095	0.9564
5888.4165	0.9571
5888.4236	0.9571
5888.4307	0.9566
5888.4377	0.9568
5888.4448	0.9572
5888.4519	0.957
5888.4589	0.9568
5888.466	0.9569
5888.4731	0.9567
5888.4801	0.9559
5888.4872	0.955
5888.4943	0.954
5888.5013	0.9527
5888.5084	0.9511
5888.5155	0.9498
5888.5225	0.9482
5888.5296	0.9463
5888.5367	0.9441
5888.5437	0.9416
5888.5508	0.9398
5888.5579	0.9387
5888.5649	0.9373
5888.572	0.9368
5888.5791	0.9371
5888.5861	0.9376
5888.5932	0.938
5888.6003	0.9388
5888.6073	0.9393
5888.6144	0.9397
5888.6214	0.9408
5888.6285	0.942
5888.6356	0.9422
5888.6426	0.9418
5888.6497	0.9414
5888.6568	0.9417
5888.6638	0.9418
5888.6709	0.9408
5888.678	0.9396
5888.685	0.9402
5888.6921	0.9414
5888.6992	0.9417
5888.7062	0.941
5888.7133	0.9393
5888.7204	0.9372
5888.7274	0.9366
5888.7345	0.9368
5888.7416	0.9366
5888.7486	0.9364
5888.7557	0.9359
5888.7628	0.9338
5888.7698	0.9315
5888.7769	0.9294
5888.784	0.928
5888.791	0.9269
5888.7981	0.925
5888.8052	0.9227
5888.8122	0.9212
5888.8193	0.9212
5888.8264	0.921
5888.8334	0.9204
5888.8405	0.9196
5888.8476	0.9188
5888.8546	0.9186
5888.8617	0.9183
5888.8688	0.9167
5888.8758	0.9153
5888.8829	0.9142
5888.89	0.9129
5888.897	0.9116
5888.9041	0.9102
5888.9112	0.9088
5888.9182	0.9085
5888.9253	0.9093
5888.9324	0.9101
5888.9394	0.9108
5888.9465	0.9111
5888.9536	0.9111
5888.9606	0.9113
5888.9677	0.9113
5888.9748	0.9107
5888.9818	0.9101
5888.9889	0.9099
5888.996	0.9096
5889.003	0.9091
5889.0101	0.9083
5889.0172	0.907
5889.0242	0.9055
5889.0313	0.904
5889.0384	0.9026
5889.0454	0.9011
5889.0525	0.9
5889.0596	0.8996
5889.0666	0.8991
5889.0737	0.8975
5889.0808	0.8955
5889.0878	0.8935
5889.0949	0.8917
5889.102	0.8903
5889.109	0.8888
5889.1161	0.8866
5889.1232	0.8851
5889.1302	0.8838
5889.1373	0.8819
5889.1444	0.88
5889.1514	0.8787
5889.1585	0.877
5889.1656	0.875
5889.1727	0.8727
5889.1797	0.871
5889.1868	0.8692
5889.1939	0.867
5889.2009	0.8647
5889.208	0.8626
5889.2151	0.8595
5889.2221	0.8572
5889.2292	0.8552
5889.2363	0.8533
5889.2433	0.8516
5889.2504	0.8492
5889.2575	0.8464
5889.2645	0.843
5889.2716	0.8399
5889.2787	0.8377
5889.2857	0.835
5889.2928	0.8316
5889.2999	0.8285
5889.3069	0.826
5889.314	0.8225
5889.3211	0.8183
5889.3281	0.8145
5889.3352	0.8107
5889.3423	0.8066
5889.3493	0.8029
5889.3564	0.7995
5889.3635	0.7951
5889.3705	0.7896
5889.3776	0.7852
5889.3847	0.7818
5889.3917	0.7783
5889.3988	0.7746
5889.4059	0.7715
5889.4129	0.7683
5889.42	0.7635
5889.4271	0.7598
5889.4341	0.7562
5889.4412	0.7516
5889.4483	0.7482
5889.4553	0.7443
5889.4624	0.7393
5889.4695	0.7346
5889.4765	0.7305
5889.4836	0.7255
5889.4907	0.7203
5889.4977	0.7142
5889.5048	0.7084
5889.5119	0.7026
5889.5189	0.6961
5889.526	0.6905
5889.5331	0.6852
5889.5401	0.6799
5889.5472	0.6728
5889.5543	0.6652
5889.5613	0.6573
5889.5684	0.6507
5889.5755	0.6443
5889.5826	0.637
5889.5896	0.6294
5889.5967	0.6224
5889.6038	0.6151
5889.6108	0.6094
5889.6179	0.6043
5889.625	0.5971
5889.632	0.5881
5889.6391	0.5807
5889.6462	0.5733
5889.6532	0.5659
5889.6603	0.5584
5889.6674	0.5517
5889.6744	0.5459
5889.6815	0.5396
5889.6886	0.5303
5889.6956	0.5231
5889.7027	0.5151
5889.7098	0.507
5889.7168	0.4995
5889.7239	0.4908
5889.731	0.4824
5889.738	0.4743
5889.7451	0.4664
5889.7522	0.4569
5889.7592	0.4473
5889.7663	0.4383
5889.7734	0.4296
5889.7804	0.4188
5889.7875	0.4054
5889.7946	0.3904
5889.8016	0.3773
5889.8087	0.3598
5889.8158	0.3391
5889.8229	0.3183
5889.8299	0.2983
5889.837	0.2718
5889.8441	0.2448
5889.8511	0.2182
5889.8582	0.1903
5889.8653	0.1653
5889.8723	0.1445
5889.8794	0.1225
5889.8865	0.1062
5889.8935	0.0918
5889.9006	0.0799
5889.9077	0.071
5889.9147	0.0643
5889.9218	0.058567047
5889.9289	0.054391921
5889.9359	0.051672101
5889.943	0.0502
5889.9501	0.0505
5889.9571	0.0506
5889.9642	0.05
5889.9713	0.0504
5889.9783	0.0517
5889.9854	0.0547
5889.9925	0.0595
5889.9995	0.064
5890.0066	0.0697
5890.0137	0.0786
5890.0208	0.0887
5890.0278	0.1053
5890.0349	0.1214
5890.042	0.141
5890.049	0.1641
5890.0561	0.1905
5890.0632	0.2212
5890.0702	0.2505
5890.0773	0.2737
5890.0844	0.2977
5890.0914	0.3186
5890.0985	0.3383
5890.1056	0.3585
5890.1126	0.3766
5890.1197	0.3913
5890.1268	0.4055
5890.1338	0.4188
5890.1409	0.4307
5890.148	0.4401
5890.155	0.4501
5890.1621	0.461
5890.1692	0.4715
5890.1763	0.4803
5890.1833	0.49
5890.1904	0.4991
5890.1975	0.508
5890.2045	0.5161
5890.2116	0.5247
5890.2187	0.5343
5890.2257	0.5419
5890.2328	0.5491
5890.2399	0.5575
5890.2469	0.5658
5890.254	0.5748
5890.2611	0.5825
5890.2681	0.5897
5890.2752	0.5969
5890.2823	0.6029
5890.2893	0.6097
5890.2964	0.6195
5890.3035	0.6268
5890.3105	0.6341
5890.3176	0.6408
5890.3247	0.6473
5890.3318	0.654
5890.3388	0.661
5890.3459	0.6676
5890.353	0.6727
5890.36	0.6786
5890.3671	0.6845
5890.3742	0.6894
5890.3812	0.694
5890.3883	0.6985
5890.3954	0.7024
5890.4024	0.7065
5890.4095	0.7101
5890.4166	0.713
5890.4236	0.7153
5890.4307	0.717
5890.4378	0.7185
5890.4448	0.7208
5890.4519	0.7235
5890.459	0.7265
5890.4661	0.7289
5890.4731	0.731
5890.4802	0.7336
5890.4873	0.7369
5890.4943	0.7405
5890.5014	0.7452
5890.5085	0.7496
5890.5155	0.7559
5890.5226	0.7624
5890.5297	0.7688
5890.5367	0.7756
5890.5438	0.7818
5890.5509	0.7872
5890.5579	0.7935
5890.565	0.7994
5890.5721	0.8047
5890.5792	0.8099
5890.5862	0.815
5890.5933	0.8199
5890.6004	0.8234
5890.6074	0.8257
5890.6145	0.8284
5890.6216	0.8319
5890.6286	0.8362
5890.6357	0.8401
5890.6428	0.8429
5890.6498	0.8457
5890.6569	0.8478
5890.664	0.849
5890.671	0.8512
5890.6781	0.8544
5890.6852	0.8569
5890.6923	0.8583
5890.6993	0.86
5890.7064	0.8616
5890.7135	0.8631
5890.7205	0.866
5890.7276	0.8682
5890.7347	0.87
5890.7417	0.8728
5890.7488	0.8753
5890.7559	0.8764
5890.7629	0.8775
5890.77	0.879
5890.7771	0.88
5890.7841	0.8815
5890.7912	0.8836
5890.7983	0.8853
5890.8054	0.887
5890.8124	0.8887
5890.8195	0.8903
5890.8266	0.8921
5890.8336	0.8937
5890.8407	0.8957
5890.8478	0.8973
5890.8548	0.8987
5890.8619	0.9006
5890.869	0.9024
5890.876	0.9036
5890.8831	0.9044
5890.8902	0.9058
5890.8973	0.9068
5890.9043	0.9074
5890.9114	0.9081
5890.9185	0.9092
5890.9255	0.9105
5890.9326	0.9117
5890.9397	0.9127
5890.9467	0.914
5890.9538	0.915
5890.9609	0.9154
5890.9679	0.9158
5890.975	0.9165
5890.9821	0.9173
5890.9892	0.9179
5890.9962	0.9192
5891.0033	0.921
5891.0104	0.9226
5891.0174	0.9239
5891.0245	0.9248
5891.0316	0.9244
5891.0386	0.9243
5891.0457	0.9248
5891.0528	0.9243
5891.0598	0.9228
5891.0669	0.9213
5891.074	0.9194
5891.0811	0.9167
5891.0881	0.9129
5891.0952	0.9065
5891.1023	0.899
5891.1093	0.8897
5891.1164	0.8785
5891.1235	0.8652
5891.1305	0.8528
5891.1376	0.8398
5891.1447	0.8263
5891.1517	0.8149
5891.1588	0.8064
5891.1659	0.7991
5891.173	0.7959
5891.18	0.7981
5891.1871	0.8042
5891.1942	0.814
5891.2012	0.8266
5891.2083	0.8389
5891.2154	0.8542
5891.2224	0.8664
5891.2295	0.8798
5891.2366	0.8912
5891.2436	0.9006
5891.2507	0.9096
5891.2578	0.916
5891.2649	0.9205
5891.2719	0.9252
5891.279	0.9285
5891.2861	0.931
5891.2931	0.9339
5891.3002	0.9367
5891.3073	0.9389
5891.3143	0.9409
5891.3214	0.9421
5891.3285	0.9433
5891.3356	0.9447
5891.3426	0.9454
5891.3497	0.9461
5891.3568	0.9473
5891.3638	0.9481
5891.3709	0.9496
5891.378	0.9515
5891.385	0.9521
5891.3921	0.9524
5891.3992	0.9533
5891.4062	0.9535
5891.4133	0.9533
5891.4204	0.9534
5891.4275	0.9533
5891.4345	0.9536
5891.4416	0.9543
5891.4487	0.9543
5891.4557	0.9539
5891.4628	0.9542
5891.4699	0.9546
5891.4769	0.9546
5891.484	0.9552
5891.4911	0.9556
5891.4982	0.9557
5891.5052	0.9555
5891.5123	0.9551
5891.5194	0.9552
5891.5264	0.9562
5891.5335	0.9574
5891.5406	0.9584
5891.5476	0.9596
5891.5547	0.9608
5891.5618	0.9617
5891.5689	0.9619
5891.5759	0.9611
5891.583	0.9607
5891.5901	0.9613
5891.5971	0.9614
5891.6042	0.9604
5891.6113	0.9587
5891.6183	0.9573
5891.6254	0.9575
5891.6325	0.9615
5891.6396	0.9634
5891.6466	0.9582
5891.6537	0.9543
5891.6608	0.9554
5891.6678	0.9584
5891.6749	0.9609
5891.682	0.9624
5891.689	0.9636
5891.6961	0.9642
5891.7032	0.9644
5891.7103	0.9644
5891.7173	0.964
5891.7244	0.9636
5891.7315	0.9638
5891.7385	0.9638
5891.7456	0.963
5891.7527	0.9624
5891.7597	0.9619
5891.7668	0.9613
5891.7739	0.9613
5891.781	0.9616
5891.788	0.9608
5891.7951	0.9595
5891.8022	0.9586
5891.8092	0.9569
5891.8163	0.9538
5891.8234	0.9515
5891.8304	0.9489
5891.8375	0.9458
5891.8446	0.9427
5891.8517	0.9401
5891.8587	0.9384
5891.8658	0.9382
5891.8729	0.9383
5891.8799	0.9387
5891.887	0.9405
5891.8941	0.944
5891.9011	0.948
5891.9082	0.9519
5891.9153	0.9555
5891.9224	0.9592
5891.9294	0.9626
5891.9365	0.9656
5891.9436	0.9677
5891.9506	0.9685
5891.9577	0.97
